127
128
151
152
153
154
155
156
157
158
159
160
161
177
178
179
180
187
188
189
190
204
205
206
207
215
216
217
218
219
232
233
234
235
237
238
239
240
241
242
243
244
245
246
247
259
260
261
262
263
264
265
266
267
268
269
270
271
272
273
274
275
287
288
289
290
291
292
293
294
295
296
297
298
299
300
301
302
315
316
317
318
319
320
321
322
323
324
325
326
327
328
329
330
344
345
346
347
348
349
350
351
354
355
356
357
372
373
374
375
382
383
384
401
402
403
429
430
431
456
457
458
484
485
486
489
511
512
513
514
516
517
539
540
541
542
543
544
545
567
568
569
570
571
572
573
594
595
596
597
598
599
600
601
623
624
625
626
651
652
653
654
680
681
682
683
684
685
