-2.834025
-7.869005
-12.533386
-12.459183
-12.535274
-12.987977
-13.589836
-20.465668
-20.407564
-24.858231
-24.836169
-27.675663
-27.325143
-26.613673
-26.685636
-26.120056
-25.583839
-25.198145
-24.978199
-24.500750
-24.261690
-23.804325
-23.433668
-26.792478
-26.650879
-26.000714
-25.380780
-25.635592
-25.845848
-25.484707
-25.546271
-25.305736
-28.697423
-28.016607
-35.783958
-35.178510
-33.652111
-33.173765
-32.303546
-31.177858
-30.744894
-29.842260
-29.920939
-29.172114
-28.496753
-28.207031
-28.529113
-28.071489
-28.548375
-28.724480
-29.373975
-28.906509
-28.455095
-28.589086
-28.406835
-36.127657
-34.829215
-33.699832
-32.497598
-31.719196
-30.808794
-30.061346
-31.754712
-31.400937
-30.724939
-30.099847
-30.013384
-29.069841
-28.318658
-28.490277
-28.242054
-27.735519
-27.299126
-27.079040
-27.540845
-27.689657
-27.906912
-27.932095
-28.101306
-28.341559
-28.058257
-28.376694
-34.510757
-33.016575
-32.943895
-32.702185
-32.181974
-31.643959
-33.430351
-34.238796
-33.186806
-32.503208
-31.357233
-39.496935
-38.291690
-44.015216
-43.678606
-42.580051
-42.056169
-41.623407
