2.726380
-13.832177
-19.491933
-19.582888
-20.053211
-20.640538
-21.053831
-29.272840
-28.991361
-34.925753
-34.848421
-38.781633
-38.220079
-37.367843
-37.739031
-37.061767
-35.953893
-35.542516
-34.814482
-34.247417
-33.601557
-32.994261
-32.532608
-37.384735
-37.154574
-36.081861
-35.166786
-35.866744
-36.505958
-35.761936
-36.115461
-35.921977
-40.677087
-39.684126
-48.813096
-47.996448
-45.992126
-45.686858
-44.759993
-43.252585
-42.946160
-41.598420
-42.029077
-41.001895
-39.960685
-39.762110
-40.531893
-39.913565
-40.864315
-41.320381
-42.484263
-41.749576
-41.008224
-41.367346
-41.237657
-45.732983
-44.052654
-42.973716
-41.851776
-41.336695
-40.531330
-39.655291
-43.723139
-43.237791
-42.550960
-41.445621
-41.343627
-40.006018
-39.064841
-39.590041
-39.536864
-38.897969
-38.337772
-38.168123
-39.090908
-38.896781
-39.398984
-39.666737
-39.310500
-39.880901
-39.696454
-39.456459
-45.662092
-43.652965
-43.732182
-43.893410
-42.833372
-42.521726
-44.378763
-45.997651
-44.558751
-43.708525
-42.397291
-51.833567
-50.342650
-57.738390
-57.386252
-56.286895
-56.016830
-55.901069
