0.113132
0.093744
0.078417
0.068612
0.062125
0.055831
0.048885
0.042412
0.038717
0.034283
0.031700
0.028464
0.026007
0.023288
0.021793
0.019678
0.017495
0.016037
0.014482
0.013253
0.012114
0.011127
0.010291
0.010375
0.009957
0.009242
0.008618
0.008471
0.008338
0.007865
0.007754
0.007470
0.007881
0.007556
0.009782
0.009523
0.008771
0.008651
0.008306
0.007789
0.007731
0.007299
0.007571
0.007209
0.006873
0.006872
0.007304
0.007066
0.007637
0.007938
0.008720
0.008245
0.007828
0.008188
0.008139
0.009360
0.008621
0.008348
0.007908
0.007814
0.007488
0.007070
0.007315
0.007567
0.007465
0.007087
0.006935
0.006594
0.006386
0.006833
0.006892
0.006679
0.006511
0.006535
0.007146
0.006816
0.007292
0.007522
0.007132
0.007699
0.007626
0.007244
0.008333
0.007701
0.008258
0.008574
0.008083
0.008127
0.008326
0.008483
0.008058
0.007990
0.007546
0.010247
0.009797
0.012633
0.012645
0.012167
0.012178
0.012310
