0.114843
0.096812
0.081168
0.073623
0.067337
0.061068
0.054091
0.047690
0.044369
0.040124
0.038060
0.034942
0.032893
0.030187
0.029344
0.027270
0.024479
0.023215
0.021112
0.019925
0.018376
0.017319
0.016476
0.016655
0.016873
0.015795
0.014961
0.015696
0.016451
0.015588
0.016182
0.016108
0.016342
0.016208
0.018616
0.019095
0.017954
0.018549
0.018423
0.017519
0.018011
0.017061
0.018344
0.017673
0.016909
0.017343
0.018953
0.018584
0.020519
0.021717
0.024124
0.023228
0.022377
0.023656
0.023904
0.022708
0.020911
0.020960
0.020359
0.020648
0.020164
0.018945
0.018588
0.019790
0.019966
0.018588
0.017561
0.016802
0.016551
0.018217
0.018819
0.018441
0.018163
0.018502
0.020504
0.019156
0.020816
0.021804
0.020295
0.022171
0.022352
0.020767
0.020459
0.019096
0.021246
0.022672
0.020885
0.021608
0.020500
0.019781
0.018411
0.019089
0.018489
0.020549
0.020596
0.023349
0.024684
0.024833
0.025956
0.027271
