127
128
151
152
153
154
155
156
157
158
159
160
161
177
178
179
180
187
188
189
190
204
205
206
207
215
216
217
218
219
232
233
234
235
239
240
241
242
243
244
245
246
247
259
260
261
262
263
264
267
268
269
270
271
272
273
274
275
287
288
289
290
291
292
295
296
297
298
299
300
301
302
315
316
317
318
319
320
323
324
325
326
327
328
329
330
344
345
346
347
348
351
354
355
356
357
372
373
374
375
382
383
384
401
402
403
409
410
411
429
430
431
437
438
439
456
457
458
464
465
466
467
484
485
486
491
492
493
494
495
511
512
513
514
516
519
520
521
522
523
539
540
541
542
543
544
547
548
549
550
551
552
567
568
569
570
571
572
573
574
575
576
577
578
579
580
594
595
596
597
598
599
600
601
602
603
604
605
606
607
623
624
625
626
632
633
634
635
651
652
653
654
659
660
661
662
680
681
682
683
684
685
686
687
688
689
