0.007293
-0.021649
-0.056422
0.133464
0.088888
0.104142
0.105370
0.252717
-0.073813
0.043383
-0.078801
-0.064440
-0.040467
0.074211
0.182527
-0.149374
0.126927
0.053518
-0.030667
0.117637
0.094116
0.057786
-0.171532
-0.233761
0.160000
-0.129240
0.055179
-0.032764
0.200047
-0.154767
-0.220156
0.178027
0.097722
-0.116390
0.146369
-0.053140
-0.041618
-0.233182
0.176178
0.055760
0.247167
0.127456
0.040173
0.147029
-0.001020
-0.094834
0.058420
0.166784
0.164923
0.168114
0.038201
0.273168
-0.089124
-0.059910
0.121495
0.140903
-0.048333
0.066281
0.037078
-0.091520
-0.172394
-0.228239
0.188286
-0.063273
-0.007659
-0.060758
-0.106515
-0.123610
0.120149
-0.057105
0.124984
-0.113930
0.254128
0.147348
-0.085100
0.009394
-0.165576
0.161898
-0.255407
0.264009
0.155400
-0.157012
-0.163857
-0.142668
0.068130
0.051535
0.097015
-0.140997
0.025516
0.146475
-0.242126
0.171097
-0.007468
0.104882
-0.144104
0.208931
0.130401
-0.189636
-0.108256
0.121450
0.174713
0.092389
0.059650
0.208740
-0.106930
-0.061697
-0.045184
0.210405
0.178946
0.128213
-0.154297
-0.171897
0.024587
0.248256
0.093951
0.262357
0.020421
-0.154238
0.081151
-0.183427
-0.138281
-0.045592
-0.219214
0.279228
0.185795
0.024165
-0.252056
0.168609
-0.092575
0.048906
0.159576
-0.042322
-0.097933
0.100736
0.089231
0.231330
0.119380
0.116098
0.231600
-0.253409
0.179576
0.101629
-0.096910
-0.197667
-0.159210
-0.130376
0.114967
-0.073500
-0.204541
-0.071196
0.092431
0.146447
0.051789
-0.133005
0.040541
0.094621
-0.230310
0.087166
-0.106302
-0.240443
-0.104650
0.145934
-0.119484
-0.205887
0.021849
0.244011
-0.153604
-0.102780
0.210395
0.133975
0.150911
0.034162
0.219447
0.043337
0.196995
-0.112666
0.001779
-0.222426
0.067302
-0.158574
0.120671
-0.094378
0.018292
-0.076876
-0.077261
-0.285043
-0.034365
0.227142
-0.147561
0.168685
0.092451
-0.008503
0.160111
0.028614
0.063089
0.133193
0.124290
0.023428
-0.235671
-0.115707
-0.237641
0.212812
-0.140525
0.095687
-0.119123
-0.165565
0.166250
-0.108515
0.029847
0.153360
