0.091209
-0.047745
-0.060502
0.134963
0.086169
0.064903
0.110268
0.223294
-0.052441
0.030582
-0.092439
-0.036821
-0.034593
0.063348
0.208293
-0.215292
0.088090
0.055110
0.044534
0.102564
0.129772
0.074184
-0.187590
-0.181187
0.160589
-0.117942
0.073645
-0.052769
0.164161
-0.163200
-0.212842
0.166335
-0.014356
-0.082455
0.162123
-0.043029
-0.054322
-0.217418
0.205881
0.073968
0.223422
0.124571
-0.000487
0.131817
0.013085
-0.111116
0.070789
0.150543
0.185086
0.068072
0.072405
0.205144
-0.084492
-0.092252
0.119070
0.145488
-0.055589
0.040000
-0.030199
-0.123464
-0.161510
-0.204467
0.202797
-0.100659
-0.027742
-0.017819
-0.111218
-0.158637
0.137869
-0.078432
0.085743
-0.146445
0.218468
0.206581
-0.061220
0.020745
-0.113838
0.186181
-0.223378
0.187568
0.141503
-0.212056
-0.091716
-0.140308
0.032525
0.054999
0.143697
-0.150510
0.049800
0.163878
-0.222034
0.183226
-0.058547
0.143457
-0.115695
0.139990
0.119548
-0.182154
-0.132399
0.149487
0.150342
0.151169
0.077649
0.186613
-0.054422
-0.058965
-0.102629
0.194926
0.118253
0.148422
-0.097561
-0.196638
0.052460
0.200776
0.052602
0.215189
0.036784
-0.078262
0.069650
-0.141031
-0.141473
-0.094780
-0.205993
0.177533
0.212629
0.034078
-0.223078
0.210782
-0.056622
-0.009800
0.187007
-0.010417
-0.052863
0.061153
0.115829
0.220286
0.088075
0.121293
0.219952
-0.168126
0.138413
0.064754
-0.106991
-0.175835
-0.155576
-0.111219
0.102537
-0.008629
-0.138040
-0.113258
0.092665
0.148302
0.029886
-0.185674
0.090125
0.079382
-0.198131
0.080027
-0.112414
-0.222207
-0.156059
0.068538
-0.065794
-0.139759
0.041248
0.197507
-0.071245
-0.105708
0.169480
0.157023
0.133339
0.008201
0.213049
0.056751
0.167339
-0.111451
-0.006127
-0.207382
0.066495
-0.121030
0.131931
-0.065218
0.057682
-0.065035
-0.071326
-0.199403
-0.038806
0.204021
-0.099394
0.121078
0.119263
0.017498
0.080588
0.054657
0.147358
0.118221
0.064333
0.037427
-0.190001
-0.115962
-0.198719
0.223227
-0.106137
0.071580
-0.089428
-0.162697
0.155254
-0.092885
0.065518
0.132741
